0.000000000000000000e+00 1.000097417625214424e+00
4.235020020020020294e-03 1.001837644213109835e+00
8.470040040040040588e-03 1.000392357269739518e+00
1.270506006006006175e-02 1.000688998219933401e+00
1.694008008008008118e-02 1.000207144356377142e+00
2.117510010010010060e-02 1.001234948842483430e+00
2.541012012012012350e-02 9.995695432785196566e-01
2.964514014014014293e-02 9.985981915680079979e-01
3.388016016016016235e-02 1.000027359326785659e+00
3.811518018018018178e-02 1.000683940458183097e+00
4.235020020020020121e-02 1.000659471312556725e+00
4.658522022022022063e-02 9.992882172461783341e-01
5.082024024024024700e-02 9.996612145051094744e-01
5.505526026026026643e-02 1.000373848770123475e+00
5.929028028028028585e-02 1.000455478461829140e+00
6.352530030030030528e-02 1.000140644686961844e+00
6.776032032032032471e-02 9.985363072075053026e-01
7.199534034034034413e-02 1.000193243382022645e+00
7.623036036036036356e-02 9.990203803549341233e-01
8.046538038038038299e-02 9.989284318692707165e-01
8.470040040040040241e-02 9.990564998141421293e-01
8.893542042042042184e-02 1.000510984329877395e+00
9.317044044044044127e-02 1.000765505449142445e+00
9.740546046046046069e-02 9.996122674502295746e-01
1.016404804804804940e-01 1.001057377537633020e+00
1.058755005005005134e-01 9.995443646624287970e-01
1.101105205205205329e-01 1.000381317177347462e+00
1.143455405405405523e-01 9.997447658270426363e-01
1.185805605605605717e-01 9.991785109900972461e-01
1.228155805805805911e-01 1.000844910060096238e+00
1.270506006006006106e-01 1.000680738456624752e+00
1.312856206206206300e-01 1.000028408908408384e+00
1.355206406406406494e-01 1.000212663871642871e+00
1.397556606606606688e-01 1.000466898447861297e+00
1.439906806806806883e-01 9.999577352264577002e-01
1.482257007007007077e-01 9.985913703055775414e-01
1.524607207207207271e-01 1.001731765782887473e+00
1.566957407407407465e-01 9.994089124421516868e-01
1.609307607607607660e-01 1.000045063454674699e+00
1.651657807807807854e-01 1.000111480472482883e+00
1.694008008008008048e-01 9.990168545053049742e-01
1.736358208208208243e-01 1.001705417006010457e+00
1.778708408408408437e-01 1.000026894502728858e+00
1.821058608608608631e-01 9.997642589283601833e-01
1.863408808808808825e-01 1.000564392506832823e+00
1.905759009009009020e-01 9.988454207739897450e-01
1.948109209209209214e-01 1.001143617473412073e+00
1.990459409409409408e-01 9.997494248947954576e-01
2.032809609609609880e-01 1.000701597656473929e+00
2.075159809809810074e-01 1.000913115466161019e+00
2.117510010010010268e-01 1.000284270460689573e+00
2.159860210210210463e-01 1.001628262710509532e+00
2.202210410410410657e-01 1.000824033782447442e+00
2.244560610610610851e-01 1.000240576477464227e+00
2.286910810810811046e-01 9.991522536340611271e-01
2.329261011011011240e-01 1.000222009780361354e+00
2.371611211211211434e-01 9.992143237298142244e-01
2.413961411411411628e-01 9.983207170648000783e-01
2.456311611611611823e-01 1.001760054779871512e+00
2.498661811811812017e-01 9.993510314023983376e-01
2.541012012012012211e-01 9.992193092940724330e-01
2.583362212212212405e-01 1.000775067229959348e+00
2.625712412412412600e-01 1.000521952065722919e+00
2.668062612612612794e-01 9.991399482299463397e-01
2.710412812812812988e-01 9.994250759102492054e-01
2.752763013013013182e-01 9.990321180975976212e-01
2.795113213213213377e-01 9.992219548747433011e-01
2.837463413413413571e-01 9.992852988846684381e-01
2.879813613613613765e-01 9.992109003450714289e-01
2.922163813813813960e-01 1.000293529828817363e+00
2.964514014014014154e-01 1.001037145386583171e+00
3.006864214214214348e-01 9.983384001103757788e-01
3.049214414414414542e-01 1.000554776964815318e+00
3.091564614614614737e-01 9.995140438103988778e-01
3.133914814814814931e-01 1.000725959004532539e+00
3.176265015015015125e-01 9.997486535170975186e-01
3.218615215215215319e-01 9.999976543851304411e-01
3.260965415415415514e-01 1.000042326787227820e+00
3.303315615615615708e-01 1.000794107022625612e+00
3.345665815815815902e-01 1.000103296402091502e+00
3.388016016016016096e-01 1.000250015768519241e+00
3.430366216216216291e-01 1.000294315685394508e+00
3.472716416416416485e-01 9.997406356698002039e-01
3.515066616616616679e-01 9.990960195660066878e-01
3.557416816816816874e-01 9.994863626348980956e-01
3.599767017017017068e-01 1.000105129881034616e+00
3.642117217217217262e-01 1.001209293457429483e+00
3.684467417417417456e-01 1.000444535225766707e+00
3.726817617617617651e-01 9.998773348184025744e-01
3.769167817817817845e-01 1.000007475810660740e+00
3.811518018018018039e-01 9.996316330743764134e-01
3.853868218218218233e-01 9.997404606886908240e-01
3.896218418418418428e-01 9.998629017992539669e-01
3.938568618618618622e-01 1.000778203989080906e+00
3.980918818818818816e-01 9.985820062144944442e-01
4.023269019019019010e-01 9.993211770030092644e-01
4.065619219219219760e-01 9.999015730705056448e-01
4.107969419419419954e-01 9.998241143403249209e-01
4.150319619619620148e-01 1.000013979783477058e+00
4.192669819819820343e-01 9.993448992980595857e-01
4.235020020020020537e-01 9.993849835455052011e-01
4.277370220220220731e-01 1.000404760544637783e+00
4.319720420420420925e-01 9.988551447149963680e-01
4.362070620620621120e-01 1.001393154196726920e+00
4.404420820820821314e-01 9.989726740138860084e-01
4.446771021021021508e-01 1.000200395062877057e+00
4.489121221221221703e-01 1.000377342666854741e+00
4.531471421421421897e-01 9.991535053492057727e-01
4.573821621621622091e-01 1.000053397630788599e+00
4.616171821821822285e-01 9.985024603239689434e-01
4.658522022022022480e-01 9.996169867753530447e-01
4.700872222222222674e-01 9.982039017291086669e-01
4.743222422422422868e-01 9.996435490981129268e-01
4.785572622622623062e-01 1.000883645135632882e+00
4.827922822822823257e-01 1.000221647493034327e+00
4.870273023023023451e-01 1.000282798808878715e+00
4.912623223223223645e-01 9.992406806029728861e-01
4.954973423423423839e-01 9.995705309190827670e-01
4.997323623623624034e-01 1.000135676904035043e+00
5.039673823823823673e-01 9.998847235119667776e-01
5.082024024024024422e-01 9.995569534747013041e-01
5.124374224224224061e-01 1.000603805363115661e+00
5.166724424424424811e-01 1.000657857959017516e+00
5.209074624624624450e-01 9.995932982492051755e-01
5.251424824824825199e-01 1.000437609786005932e+00
5.293775025025024838e-01 1.000239606048809460e+00
5.336125225225225588e-01 1.000765351409783177e+00
5.378475425425425227e-01 1.000717204089535128e+00
5.420825625625625976e-01 9.991130641496089870e-01
5.463175825825826726e-01 9.996967195065181722e-01
5.505526026026026365e-01 9.999123233666786792e-01
5.547876226226227114e-01 9.986050799073198370e-01
5.590226426426426753e-01 1.001510353721424273e+00
5.632576626626627503e-01 1.001219856850367185e+00
5.674926826826827142e-01 1.000506589283187031e+00
5.717277027027027891e-01 1.000842051822845802e+00
5.759627227227227531e-01 1.000003200249603985e+00
5.801977427427428280e-01 1.000912123563043599e+00
5.844327627627627919e-01 1.000034990133863655e+00
5.886677827827828668e-01 9.989801414324427364e-01
5.929028028028028308e-01 1.000891398143495259e+00
5.971378228228229057e-01 1.000207584963053842e+00
6.013728428428428696e-01 9.999051609286794262e-01
6.056078628628629446e-01 9.998982230955990591e-01
6.098428828828829085e-01 1.000244956793823858e+00
6.140779029029029834e-01 9.993206068105003892e-01
6.183129229229229473e-01 1.000428396411082499e+00
6.225479429429430223e-01 9.994255318199041227e-01
6.267829629629629862e-01 1.000213003486823071e+00
6.310179829829830611e-01 9.992443285879872850e-01
6.352530030030030250e-01 9.995883774248806031e-01
6.394880230230231000e-01 9.996241867743895781e-01
6.437230430430430639e-01 9.985874854631704434e-01
6.479580630630631388e-01 9.998594798543721796e-01
6.521930830830831027e-01 9.988960794347476746e-01
6.564281031031031777e-01 9.994974605402883183e-01
6.606631231231231416e-01 1.001370274083569267e+00
6.648981431431432165e-01 9.997197296082898088e-01
6.691331631631631804e-01 1.000127932282641297e+00
6.733681831831832554e-01 9.992511418551848212e-01
6.776032032032032193e-01 9.985691594951250361e-01
6.818382232232232942e-01 1.000653242794578235e+00
6.860732432432432581e-01 1.000169622430989724e+00
6.903082632632633331e-01 1.000243383972500233e+00
6.945432832832832970e-01 9.999968795849851766e-01
6.987783033033033719e-01 1.000928522692244416e+00
7.030133233233233359e-01 9.998423522051915757e-01
7.072483433433434108e-01 1.000071441893402913e+00
7.114833633633633747e-01 1.000496707460013512e+00
7.157183833833834496e-01 1.001406398854457480e+00
7.199534034034034136e-01 9.991568777878894192e-01
7.241884234234234885e-01 9.991425169418586272e-01
7.284234434434434524e-01 1.000462574818152151e+00
7.326584634634635274e-01 9.991934115161044128e-01
7.368934834834834913e-01 1.000042405663125855e+00
7.411285035035035662e-01 1.000590967798419273e+00
7.453635235235235301e-01 9.995615419739357632e-01
7.495985435435436051e-01 1.000249848073602843e+00
7.538335635635635690e-01 1.000054223822398169e+00
7.580685835835836439e-01 9.990928518409259995e-01
7.623036036036036078e-01 1.001021608248235717e+00
7.665386236236236828e-01 9.985453910484258788e-01
7.707736436436436467e-01 1.001147330057549745e+00
7.750086636636637216e-01 1.000142450780449721e+00
7.792436836836836855e-01 9.987799416796141472e-01
7.834787037037037605e-01 1.001146584986968957e+00
7.877137237237237244e-01 9.998191221861773004e-01
7.919487437437437993e-01 1.000019712545265449e+00
7.961837637637637632e-01 1.000005879042394907e+00
8.004187837837838382e-01 1.001248904240410464e+00
8.046538038038038021e-01 9.999909080224729241e-01
8.088888238238238770e-01 1.000929626237918368e+00
8.131238438438439520e-01 1.000026913750974522e+00
8.173588638638639159e-01 1.001229628677409167e+00
8.215938838838839908e-01 1.000339804221568096e+00
8.258289039039039547e-01 1.000149034766693479e+00
8.300639239239240297e-01 1.001464569829205287e+00
8.342989439439439936e-01 1.000089651517295897e+00
8.385339639639640685e-01 9.994578814021810587e-01
8.427689839839840324e-01 9.993774712595566712e-01
8.470040040040041074e-01 1.000126435008470427e+00
8.512390240240240713e-01 9.994000219076489833e-01
8.554740440440441462e-01 9.991668107141635780e-01
8.597090640640641102e-01 9.995681040751278612e-01
8.639440840840841851e-01 9.997755225098839960e-01
8.681791041041041490e-01 9.998159945689970574e-01
8.724141241241242239e-01 9.993925439176191139e-01
8.766491441441441879e-01 9.993397149759293274e-01
8.808841641641642628e-01 9.995000325906527872e-01
8.851191841841842267e-01 1.000087805225222004e+00
8.893542042042043017e-01 1.000770272326209742e+00
8.935892242242242656e-01 9.998872521116332068e-01
8.978242442442443405e-01 9.992067541190501334e-01
9.020592642642643044e-01 9.996375583121686059e-01
9.062942842842843794e-01 9.999885425451054966e-01
9.105293043043043433e-01 9.998557654462232325e-01
9.147643243243244182e-01 9.997690365491816999e-01
9.189993443443443821e-01 1.000940574674443084e+00
9.232343643643644571e-01 9.994652677218198722e-01
9.274693843843844210e-01 9.994545009545363623e-01
9.317044044044044959e-01 9.998539147672343974e-01
9.359394244244244598e-01 9.997538407627486468e-01
9.401744444444445348e-01 1.000442478661727641e+00
9.444094644644644987e-01 9.995359655713114133e-01
9.486444844844845736e-01 1.000141938276947418e+00
9.528795045045045375e-01 1.000460813599885812e+00
9.571145245245246125e-01 9.998001540545731203e-01
9.613495445445445764e-01 1.000867669904554669e+00
9.655845645645646513e-01 1.001238839992318885e+00
9.698195845845846152e-01 9.996115393205269317e-01
9.740546046046046902e-01 1.000454299059039043e+00
9.782896246246246541e-01 1.001405523043236157e+00
9.825246446446447290e-01 1.001359220003067207e+00
9.867596646646646930e-01 9.999399239883272061e-01
9.909946846846847679e-01 9.990921272537448550e-01
9.952297047047047318e-01 9.992669675549405994e-01
9.994647247247248067e-01 9.994248583052757207e-01
1.003699744744744882e+00 1.001240296654234418e+00
1.007934764764764735e+00 1.001286918546285820e+00
1.012169784784784810e+00 9.986643683652652870e-01
1.016404804804804884e+00 9.989382134180818662e-01
1.020639824824824959e+00 1.000416189568027248e+00
1.024874844844844812e+00 1.000352585736387523e+00
1.029109864864864887e+00 1.000046035279020806e+00
1.033344884884884962e+00 9.991466230677910065e-01
1.037579904904905037e+00 9.995275232538880505e-01
1.041814924924924890e+00 9.992068436061425363e-01
1.046049944944944965e+00 1.000337914715907717e+00
1.050284964964965040e+00 9.998814046349291385e-01
1.054519984984985115e+00 1.000803561443833978e+00
1.058755005005004968e+00 1.000013274400320062e+00
1.062990025025025043e+00 9.988349135473769680e-01
1.067225045045045118e+00 1.000818420183406721e+00
1.071460065065065193e+00 1.000671937248133192e+00
1.075695085085085045e+00 1.000413758208814841e+00
1.079930105105105120e+00 1.001416431744761582e+00
1.084165125125125195e+00 1.000228622066678508e+00
1.088400145145145270e+00 1.000906007932098385e+00
1.092635165165165345e+00 1.000888745250289480e+00
1.096870185185185198e+00 9.990280110753584353e-01
1.101105205205205273e+00 9.996919748377660619e-01
1.105340225225225348e+00 9.987515208405978173e-01
1.109575245245245423e+00 9.995920522291013022e-01
1.113810265265265276e+00 1.001345695000421587e+00
1.118045285285285351e+00 9.989687764217353161e-01
1.122280305305305426e+00 9.988786292164152369e-01
1.126515325325325501e+00 9.990799566989956304e-01
1.130750345345345353e+00 9.984381447656892616e-01
1.134985365365365428e+00 1.001162949487046205e+00
1.139220385385385503e+00 1.001306344932980208e+00
1.143455405405405578e+00 1.000002045674325934e+00
1.147690425425425431e+00 9.985499612996919794e-01
1.151925445445445506e+00 9.994652600803648479e-01
1.156160465465465581e+00 9.998520774706268766e-01
1.160395485485485656e+00 9.995051660035186858e-01
1.164630505505505509e+00 1.000042099629314452e+00
1.168865525525525584e+00 9.999009199718016383e-01
1.173100545545545659e+00 9.995888974570404928e-01
1.177335565565565734e+00 9.993775358494447758e-01
1.181570585585585587e+00 1.000464279792260935e+00
1.185805605605605662e+00 1.001102245278137737e+00
1.190040625625625736e+00 9.991870825491635522e-01
1.194275645645645811e+00 1.001153603289526073e+00
1.198510665665665664e+00 9.990583136542271481e-01
1.202745685685685739e+00 9.996487360459740401e-01
1.206980705705705814e+00 1.000033755821264636e+00
1.211215725725725889e+00 9.994118109557129648e-01
1.215450745745745742e+00 1.000850356701208810e+00
1.219685765765765817e+00 1.000243696980143371e+00
1.223920785785785892e+00 9.995821272498698340e-01
1.228155805805805967e+00 9.997359641284608855e-01
1.232390825825825820e+00 1.000634639041844354e+00
1.236625845845845895e+00 1.001214840180916665e+00
1.240860865865865970e+00 9.998000589807004568e-01
1.245095885885886045e+00 1.000270790968354584e+00
1.249330905905905897e+00 1.000804376616673652e+00
1.253565925925925972e+00 1.001639065559283504e+00
1.257800945945946047e+00 9.993591524855632846e-01
1.262035965965966122e+00 9.997031072821113140e-01
1.266270985985985975e+00 1.000607654215224906e+00
1.270506006006006050e+00 1.001162247027993280e+00
1.274741026026026125e+00 9.995011889070127831e-01
1.278976046046046200e+00 9.991610097493485165e-01
1.283211066066066053e+00 1.000680456920257644e+00
1.287446086086086128e+00 9.987056589448011223e-01
1.291681106106106203e+00 9.989718778122907983e-01
1.295916126126126278e+00 9.991461193755107884e-01
1.300151146146146131e+00 1.000334903859684266e+00
1.304386166166166205e+00 9.983588839611498011e-01
1.308621186186186280e+00 1.000584435697997598e+00
1.312856206206206355e+00 9.994574997835267149e-01
1.317091226226226208e+00 1.000297939749485998e+00
1.321326246246246283e+00 9.994959809858088295e-01
1.325561266266266358e+00 9.999369624975429360e-01
1.329796286286286433e+00 9.998438486767957656e-01
1.334031306306306286e+00 1.000456112526672436e+00
1.338266326326326361e+00 9.996747286280858180e-01
1.342501346346346436e+00 1.000311672023187493e+00
1.346736366366366511e+00 9.994839130425472451e-01
1.350971386386386364e+00 9.997467551570933253e-01
1.355206406406406439e+00 9.991365544451181746e-01
1.359441426426426514e+00 1.000535721903205610e+00
1.363676446446446588e+00 1.000527026146349696e+00
1.367911466466466663e+00 1.000486268798163714e+00
1.372146486486486516e+00 9.994339960804482503e-01
1.376381506506506591e+00 1.000991552652222838e+00
1.380616526526526666e+00 1.000365382447669926e+00
1.384851546546546741e+00 1.001139165149457888e+00
1.389086566566566594e+00 1.000505383002429305e+00
1.393321586586586669e+00 9.994390199819905840e-01
1.397556606606606744e+00 1.000513671434000162e+00
1.401791626626626819e+00 9.985255885507410278e-01
1.406026646646646672e+00 1.000111772543997413e+00
1.410261666666666747e+00 9.987806038671509512e-01
1.414496686686686822e+00 9.989776132762642202e-01
1.418731706706706897e+00 1.000376262307036024e+00
1.422966726726726749e+00 9.998819384885516692e-01
1.427201746746746824e+00 1.001802948093864609e+00
1.431436766766766899e+00 1.000653721528637963e+00
1.435671786786786974e+00 1.001538762610828748e+00
1.439906806806806827e+00 1.000466949486405799e+00
1.444141826826826902e+00 9.991582520340708262e-01
1.448376846846846977e+00 1.000155494507605436e+00
1.452611866866867052e+00 9.993011639757719555e-01
1.456846886886886905e+00 9.992001672992396610e-01
1.461081906906906980e+00 9.998746060357519561e-01
1.465316926926927055e+00 9.992749752921693540e-01
1.469551946946947130e+00 1.000439419618281311e+00
1.473786966966966983e+00 1.000181325621454675e+00
1.478021986986987057e+00 1.001066525269102003e+00
1.482257007007007132e+00 9.999271616933149698e-01
1.486492027027027207e+00 1.000105801850711629e+00
1.490727047047047060e+00 9.990923833993320402e-01
1.494962067067067135e+00 9.987975298898277288e-01
1.499197087087087210e+00 1.000033520259496989e+00
1.503432107107107285e+00 1.000256828629242145e+00
1.507667127127127138e+00 1.000781776738800088e+00
1.511902147147147213e+00 9.998426224422072295e-01
1.516137167167167288e+00 1.000753084931160553e+00
1.520372187187187363e+00 1.000709014582693568e+00
1.524607207207207216e+00 9.987937409298967006e-01
1.528842227227227291e+00 1.000563478575171139e+00
1.533077247247247366e+00 9.988364466184281865e-01
1.537312267267267440e+00 1.000994762519473058e+00
1.541547287287287293e+00 1.001279042270726061e+00
1.545782307307307368e+00 9.990944714337729460e-01
1.550017327327327443e+00 1.001318581008381781e+00
1.554252347347347518e+00 1.001524989637773810e+00
1.558487367367367371e+00 1.000152739939833779e+00
1.562722387387387446e+00 9.997769633375991338e-01
1.566957407407407521e+00 1.000388459333234170e+00
1.571192427427427596e+00 1.000048495244010516e+00
1.575427447447447449e+00 9.998142940727832162e-01
1.579662467467467524e+00 1.001792031905898606e+00
1.583897487487487599e+00 9.998035681113547346e-01
1.588132507507507674e+00 9.992993718975446971e-01
1.592367527527527526e+00 1.000457257740523298e+00
1.596602547547547601e+00 1.000534339766548930e+00
1.600837567567567676e+00 1.000051165256300889e+00
1.605072587587587751e+00 1.000709839449592353e+00
1.609307607607607604e+00 1.000072697663196175e+00
1.613542627627627679e+00 1.000007025823920426e+00
1.617777647647647754e+00 1.001577148919967852e+00
1.622012667667667829e+00 9.991820560261280848e-01
1.626247687687687904e+00 1.000052761234614618e+00
1.630482707707707757e+00 9.990160582178365667e-01
1.634717727727727832e+00 9.992529008679851277e-01
1.638952747747747907e+00 9.996498976001221282e-01
1.643187767767767982e+00 1.000829194985401571e+00
1.647422787787787835e+00 9.995521934098128281e-01
1.651657807807807909e+00 9.999877123060707529e-01
1.655892827827827984e+00 9.997891385465601521e-01
1.660127847847848059e+00 9.995877667450483450e-01
1.664362867867867912e+00 9.998276204879690265e-01
1.668597887887887987e+00 9.993295398702879417e-01
1.672832907907908062e+00 9.997826489302056308e-01
1.677067927927928137e+00 9.992520334478874888e-01
1.681302947947947990e+00 1.000773550030025660e+00
1.685537967967968065e+00 9.993177867171781914e-01
1.689772987987988140e+00 1.000884383574909942e+00
1.694008008008008215e+00 1.000878586369172263e+00
1.698243028028028068e+00 1.000014792529362317e+00
1.702478048048048143e+00 9.999714916860806824e-01
1.706713068068068218e+00 1.001088790654508065e+00
1.710948088088088292e+00 9.992153749486843983e-01
1.715183108108108145e+00 1.000628331909324098e+00
1.719418128128128220e+00 9.999778387727070728e-01
1.723653148148148295e+00 9.999320488405452068e-01
1.727888168168168370e+00 9.985084524440781539e-01
1.732123188188188223e+00 9.988291976185108556e-01
1.736358208208208298e+00 1.000433233002387956e+00
1.740593228228228373e+00 9.994096638909836239e-01
1.744828248248248448e+00 1.001430654784507768e+00
1.749063268268268301e+00 9.992567998607382318e-01
1.753298288288288376e+00 9.989714662546581581e-01
1.757533308308308451e+00 9.987523748230056064e-01
1.761768328328328526e+00 1.000166408317659128e+00
1.766003348348348378e+00 1.000996886054747126e+00
1.770238368368368453e+00 9.987308936237085932e-01
1.774473388388388528e+00 9.994029556971381067e-01
1.778708408408408603e+00 1.000751262456233137e+00
1.782943428428428456e+00 1.001029572169618964e+00
1.787178448448448531e+00 1.000079623047105182e+00
1.791413468468468606e+00 9.998299397802524746e-01
1.795648488488488681e+00 1.000399814687411792e+00
1.799883508508508534e+00 9.998973944033484607e-01
1.804118528528528609e+00 9.986125394791671717e-01
1.808353548548548684e+00 9.989850736699840139e-01
1.812588568568568759e+00 1.000162093690790233e+00
1.816823588588588612e+00 9.989411842456357160e-01
1.821058608608608687e+00 1.001832536136378460e+00
1.825293628628628761e+00 9.996335685899883083e-01
1.829528648648648836e+00 1.000341823526268881e+00
1.833763668668668689e+00 1.000316476954101086e+00
1.837998688688688764e+00 9.991144119309336435e-01
1.842233708708708839e+00 1.000825850666989369e+00
1.846468728728728914e+00 1.000220564091999664e+00
1.850703748748748767e+00 9.988097598433250957e-01
1.854938768768768842e+00 1.000678877529165955e+00
1.859173788788788917e+00 9.998533522001887830e-01
1.863408808808808992e+00 1.001803266850086915e+00
1.867643828828828845e+00 1.000307626601314004e+00
1.871878848848848920e+00 9.996252358318687969e-01
1.876113868868868995e+00 9.994240801280935838e-01
1.880348888888889070e+00 1.000912558511688699e+00
1.884583908908908922e+00 9.991791013022253143e-01
1.888818928928928997e+00 1.000057324715356577e+00
1.893053948948949072e+00 1.000817794113679104e+00
1.897288968968969147e+00 1.000037437269598373e+00
1.901523988988989222e+00 1.001136217899138092e+00
1.905759009009009075e+00 1.000920102158613600e+00
1.909994029029029150e+00 1.000283235616111543e+00
1.914229049049049225e+00 9.993091862925213009e-01
1.918464069069069300e+00 1.000531293842239933e+00
1.922699089089089153e+00 1.000760529084829598e+00
1.926934109109109228e+00 1.000670976490724895e+00
1.931169129129129303e+00 1.000425340917084016e+00
1.935404149149149378e+00 1.001230813328213953e+00
1.939639169169169230e+00 9.988099181378284896e-01
1.943874189189189305e+00 9.998362844646506709e-01
1.948109209209209380e+00 1.000250461627885334e+00
1.952344229229229455e+00 1.000932387109879196e+00
1.956579249249249308e+00 9.994680661993069481e-01
1.960814269269269383e+00 1.000797116623886485e+00
1.965049289289289458e+00 1.000868708065197676e+00
1.969284309309309533e+00 1.000183196775553007e+00
1.973519329329329386e+00 9.990872879221955882e-01
1.977754349349349461e+00 9.995157632118419899e-01
1.981989369369369536e+00 1.000166496499632407e+00
1.986224389389389611e+00 1.001510057250024621e+00
1.990459409409409464e+00 1.000720688474539877e+00
1.994694429429429539e+00 9.996517667645221650e-01
1.998929449449449613e+00 1.000331541074233055e+00
2.003164469469469466e+00 1.001020126765731710e+00
2.007399489489489763e+00 9.984566419686912164e-01
2.011634509509509616e+00 1.000381487365213484e+00
2.015869529529529469e+00 9.988334484036541783e-01
2.020104549549549766e+00 1.000922373633956308e+00
2.024339569569569619e+00 9.997893074977516337e-01
2.028574589589589916e+00 1.000318923419377670e+00
2.032809609609609769e+00 1.000294517633323110e+00
2.037044629629629622e+00 1.001374751799528395e+00
2.041279649649649919e+00 1.000036347115403013e+00
2.045514669669669772e+00 9.998323426255663060e-01
2.049749689689689625e+00 1.000941453615093790e+00
2.053984709709709922e+00 1.000692155071327027e+00
2.058219729729729774e+00 9.750087796417760133e-01
2.062454749749750071e+00 9.764982710124653353e-01
2.066689769769769924e+00 9.757963553873157947e-01
2.070924789789789777e+00 9.760910409283185540e-01
2.075159809809810074e+00 9.765026750273220202e-01
2.079394829829829927e+00 9.768689909285818151e-01
2.083629849849849780e+00 9.774425239863957504e-01
2.087864869869870077e+00 9.753309314864251345e-01
2.092099889889889930e+00 9.772045962888954440e-01
2.096334909909910227e+00 9.766108995490586642e-01
2.100569929929930080e+00 9.758932783279541390e-01
2.104804949949949933e+00 9.760448176795799569e-01
2.109039969969970230e+00 9.751181749177119107e-01
2.113274989989990083e+00 9.773313228006139664e-01
2.117510010010009935e+00 9.755801337920845251e-01
2.121745030030030232e+00 9.755578596133180902e-01
2.125980050050050085e+00 9.750219257150637420e-01
2.130215070070070382e+00 9.761169585491006329e-01
2.134450090090090235e+00 9.763607911887834945e-01
2.138685110110110088e+00 9.779225839038738766e-01
2.142920130130130385e+00 9.757853642684357620e-01
2.147155150150150238e+00 9.770746812290256322e-01
2.151390170170170091e+00 9.748223237290933874e-01
2.155625190190190388e+00 9.744429395902381996e-01
2.159860210210210241e+00 9.757830982454377411e-01
2.164095230230230538e+00 9.748989407941016649e-01
2.168330250250250391e+00 9.775698423501530954e-01
2.172565270270270243e+00 9.765278061729110171e-01
2.176800290290290540e+00 9.998972951970770406e-01
2.181035310310310393e+00 9.995193337993850680e-01
2.185270330330330690e+00 9.998762522809793163e-01
2.189505350350350543e+00 9.996463539644626639e-01
2.193740370370370396e+00 9.986269952470443467e-01
2.197975390390390693e+00 9.996879234659784563e-01
2.202210410410410546e+00 9.994624160400410462e-01
2.206445430430430399e+00 1.001069416598303397e+00
2.210680450450450696e+00 9.987934690894119116e-01
2.214915470470470549e+00 1.000417601007787871e+00
2.219150490490490846e+00 1.000001389624498582e+00
2.223385510510510699e+00 1.000295356743980069e+00
2.227620530530530552e+00 9.997892635674991979e-01
2.231855550550550848e+00 9.997902610699955783e-01
2.236090570570570701e+00 9.997674105223068874e-01
2.240325590590590554e+00 9.995935366350346962e-01
2.244560610610610851e+00 9.994634418521952668e-01
2.248795630630630704e+00 1.001767904760952232e+00
2.253030650650651001e+00 1.000604152821526149e+00
2.257265670670670854e+00 1.000135824011481489e+00
2.261500690690690707e+00 9.998036596271319132e-01
2.265735710710711004e+00 9.985505161678148722e-01
2.269970730730730857e+00 9.995398602160486812e-01
2.274205750750750710e+00 9.986649312367793518e-01
2.278440770770771007e+00 1.001289319417065338e+00
2.282675790790790860e+00 1.000018011068919854e+00
2.286910810810811157e+00 9.993787974668485452e-01
2.291145830830831009e+00 1.000375627230799314e+00
2.295380850850850862e+00 9.999903895110360263e-01
2.299615870870871159e+00 9.995545073545055725e-01
2.303850890890891012e+00 9.989599822514351191e-01
2.308085910910910865e+00 9.989571720754710782e-01
2.312320930930931162e+00 1.000071706689511508e+00
2.316555950950951015e+00 1.000554754234703747e+00
2.320790970970971312e+00 1.001684848228892477e+00
2.325025990990991165e+00 9.992582433476032699e-01
2.329261011011011018e+00 1.000013320141543982e+00
2.333496031031031315e+00 9.990038503213785059e-01
2.337731051051051168e+00 9.989210334583756845e-01
2.341966071071071021e+00 9.997317566701995339e-01
2.346201091091091318e+00 9.996089375867407423e-01
2.350436111111111170e+00 1.001246309563457171e+00
2.354671131131131467e+00 1.000290449591749065e+00
2.358906151151151320e+00 1.000620464695313183e+00
2.363141171171171173e+00 1.000258204769000514e+00
2.367376191191191470e+00 1.001361137697181602e+00
2.371611211211211323e+00 9.994749567066510965e-01
2.375846231231231176e+00 9.988586465880242571e-01
2.380081251251251473e+00 1.000698009076036676e+00
2.384316271271271326e+00 1.001074523006370232e+00
2.388551291291291623e+00 1.000281347102903506e+00
2.392786311311311476e+00 9.990585266718651214e-01
2.397021331331331329e+00 1.000534573234999947e+00
2.401256351351351626e+00 1.000196249417586003e+00
2.405491371371371478e+00 1.000839504454893669e+00
2.409726391391391331e+00 9.991222353370984299e-01
2.413961411411411628e+00 9.995470439498485016e-01
2.418196431431431481e+00 1.000191681699699631e+00
2.422431451451451778e+00 9.992210831462831067e-01
2.426666471471471631e+00 1.000270265746050935e+00
2.430901491491491484e+00 9.996249373574791486e-01
2.435136511511511781e+00 9.998478055574372414e-01
2.439371531531531634e+00 1.000605396177187023e+00
2.443606551551551931e+00 9.988285346585992208e-01
2.447841571571571784e+00 9.989449177622574672e-01
2.452076591591591637e+00 9.999762487872438932e-01
2.456311611611611934e+00 1.000343470694477377e+00
2.460546631631631787e+00 9.986933206953843012e-01
2.464781651651651639e+00 1.000519184589137467e+00
2.469016671671671936e+00 1.000644456261672532e+00
2.473251691691691789e+00 9.989366068021854339e-01
2.477486711711712086e+00 1.000067751505462565e+00
2.481721731731731939e+00 9.995378961934173745e-01
2.485956751751751792e+00 9.999488833425443923e-01
2.490191771771772089e+00 9.988546325449308982e-01
2.494426791791791942e+00 9.993913865003424268e-01
2.498661811811811795e+00 1.000656896928889372e+00
2.502896831831832092e+00 9.992252967294744659e-01
2.507131851851851945e+00 9.990543346497989807e-01
2.511366871871872242e+00 9.999526847921486050e-01
2.515601891891892095e+00 1.001290910741155615e+00
2.519836911911911947e+00 1.000178043961566621e+00
2.524071931931932244e+00 9.991591930339821515e-01
2.528306951951952097e+00 1.001077355298565008e+00
2.532541971971971950e+00 9.995675804985379997e-01
2.536776991991992247e+00 1.000053805984661759e+00
2.541012012012012100e+00 1.000735362187263444e+00
2.545247032032032397e+00 1.001084487396290523e+00
2.549482052052052250e+00 9.985817138367818480e-01
2.553717072072072103e+00 1.001043437431092586e+00
2.557952092092092400e+00 1.000489852887999964e+00
2.562187112112112253e+00 1.000729019118299812e+00
2.566422132132132106e+00 9.994844689372229807e-01
2.570657152152152403e+00 9.991293188959556870e-01
2.574892172172172256e+00 1.001314606322375234e+00
2.579127192192192553e+00 9.999914629784788511e-01
2.583362212212212405e+00 1.001092847026616495e+00
2.587597232232232258e+00 1.001212393833414538e+00
2.591832252252252555e+00 9.994628841551906895e-01
2.596067272272272408e+00 9.982050190024930325e-01
2.600302292292292261e+00 9.989393387221070508e-01
2.604537312312312558e+00 1.000872528908197223e+00
2.608772332332332411e+00 1.000390164834773277e+00
2.613007352352352708e+00 9.999961565031698640e-01
2.617242372372372561e+00 1.000953967846461845e+00
2.621477392392392414e+00 9.999246158448253929e-01
2.625712412412412711e+00 1.000564140583723116e+00
2.629947432432432564e+00 9.999070236188120075e-01
2.634182452452452416e+00 1.000578123930097041e+00
2.638417472472472713e+00 9.995039290673888299e-01
2.642652492492492566e+00 9.986289874972508196e-01
2.646887512512512863e+00 9.996790444830909728e-01
2.651122532532532716e+00 1.001364153531203005e+00
2.655357552552552569e+00 1.000235874729568319e+00
2.659592572572572866e+00 9.998506276002072646e-01
2.663827592592592719e+00 1.000221002499815048e+00
2.668062612612612572e+00 1.000278697038521347e+00
2.672297632632632869e+00 1.000018827070470184e+00
2.676532652652652722e+00 9.995984032173760303e-01
2.680767672672673019e+00 9.990131953221795813e-01
2.685002692692692872e+00 1.000686550494060301e+00
2.689237712712712725e+00 1.001639056814829676e+00
2.693472732732733022e+00 1.000524962828377218e+00
2.697707752752752874e+00 9.991911038424259317e-01
2.701942772772772727e+00 1.000903295432565399e+00
2.706177792792793024e+00 1.001587984549440868e+00
2.710412812812812877e+00 9.997689121477735252e-01
2.714647832832833174e+00 1.000028054892912799e+00
2.718882852852853027e+00 9.996602655783501934e-01
2.723117872872872880e+00 1.000298775447978850e+00
2.727352892892893177e+00 9.992433000766826057e-01
2.731587912912913030e+00 1.001674687560902832e+00
2.735822932932933327e+00 9.995248749596745697e-01
2.740057952952953180e+00 1.001599441392130752e+00
2.744292972972973033e+00 9.991527655280069142e-01
2.748527992992993330e+00 1.000347461072856659e+00
2.752763013013013182e+00 1.000036987428108759e+00
2.756998033033033035e+00 1.001203700789311535e+00
2.761233053053053332e+00 9.990681663326964612e-01
2.765468073073073185e+00 9.995951639838124292e-01
2.769703093093093482e+00 1.000286261764888662e+00
2.773938113113113335e+00 9.997553738689315406e-01
2.778173133133133188e+00 9.998036390835307596e-01
2.782408153153153485e+00 1.000808903943947836e+00
2.786643173173173338e+00 9.992076646240141136e-01
2.790878193193193191e+00 1.001491013756196313e+00
2.795113213213213488e+00 1.001096802875486524e+00
2.799348233233233341e+00 9.987697421706479561e-01
2.803583253253253638e+00 1.000927975073769183e+00
2.807818273273273491e+00 9.992621440229823015e-01
2.812053293293293343e+00 1.000883776213879361e+00
2.816288313313313640e+00 9.991595442102777502e-01
2.820523333333333493e+00 9.984937124133657083e-01
2.824758353353353346e+00 1.000064889596505413e+00
2.828993373373373643e+00 9.997964877680534102e-01
2.833228393393393496e+00 9.987671051294016999e-01
2.837463413413413793e+00 9.996757308390734620e-01
2.841698433433433646e+00 9.999788110705585265e-01
2.845933453453453499e+00 1.000825839978623844e+00
2.850168473473473796e+00 9.998472547909929009e-01
2.854403493493493649e+00 9.999582906471796706e-01
2.858638513513513502e+00 1.000731752854426393e+00
2.862873533533533799e+00 1.000143066752309684e+00
2.867108553553553651e+00 9.994150990862594730e-01
2.871343573573573948e+00 9.994805685495086189e-01
2.875578593593593801e+00 9.987229923973758305e-01
2.879813613613613654e+00 1.000570493581983023e+00
2.884048633633633951e+00 1.000776814019391336e+00
2.888283653653653804e+00 1.000624997255783688e+00
2.892518673673673657e+00 9.997491032178048576e-01
2.896753693693693954e+00 9.986233147135635813e-01
2.900988713713713807e+00 9.992823143988862622e-01
2.905223733733734104e+00 9.995118498157499198e-01
2.909458753753753957e+00 1.000783549837849451e+00
2.913693773773773810e+00 1.001091372725453121e+00
2.917928793793794107e+00 9.998075119690781332e-01
2.922163813813813960e+00 9.994707723679380207e-01
2.926398833833833812e+00 1.000091750801449297e+00
2.930633853853854109e+00 1.000456603037688463e+00
2.934868873873873962e+00 9.991630765852276275e-01
2.939103893893894259e+00 1.000183442943820999e+00
2.943338913913914112e+00 9.994514269464525036e-01
2.947573933933933965e+00 9.989326503802570256e-01
2.951808953953954262e+00 9.997643476250018812e-01
2.956043973973974115e+00 1.000099696747096534e+00
2.960278993993993968e+00 1.000279302617164134e+00
2.964514014014014265e+00 9.996224290478626928e-01
2.968749034034034118e+00 1.000128744124025415e+00
2.972984054054054415e+00 9.997551102483709373e-01
2.977219074074074268e+00 9.991628351036480060e-01
2.981454094094094120e+00 9.995195235298468539e-01
2.985689114114114417e+00 1.000103043651470403e+00
2.989924134134134270e+00 1.000336346121165176e+00
2.994159154154154567e+00 9.988488542673586990e-01
2.998394174174174420e+00 1.000232848125529150e+00
3.002629194194194273e+00 9.989466833437659066e-01
3.006864214214214570e+00 9.999134064304467939e-01
3.011099234234234423e+00 1.001007298890461250e+00
3.015334254254254276e+00 9.995840026511858545e-01
3.019569274274274573e+00 9.993470455362705174e-01
3.023804294294294426e+00 9.997851346710878717e-01
3.028039314314314723e+00 1.001292193935532371e+00
3.032274334334334576e+00 1.000343418820391683e+00
3.036509354354354429e+00 1.000612832684210529e+00
3.040744374374374726e+00 1.000799612781583470e+00
3.044979394394394578e+00 1.000371151487583932e+00
3.049214414414414431e+00 9.984343929102613702e-01
3.053449434434434728e+00 9.992403665032228988e-01
3.057684454454454581e+00 1.000552832068340336e+00
3.061919474474474878e+00 9.999608582616930086e-01
3.066154494494494731e+00 9.999356947257699302e-01
3.070389514514514584e+00 9.982934866698055520e-01
3.074624534534534881e+00 9.982934252178446988e-01
3.078859554554554734e+00 9.995064748363458040e-01
3.083094574574574587e+00 9.992508166885176735e-01
3.087329594594594884e+00 9.997856340628570315e-01
3.091564614614614737e+00 9.989734155586290631e-01
3.095799634634635034e+00 1.000318937965042343e+00
3.100034654654654886e+00 9.990335018318369231e-01
3.104269674674674739e+00 9.998600047780070721e-01
3.108504694694695036e+00 9.996322826520263050e-01
3.112739714714714889e+00 1.001658422472798238e+00
3.116974734734734742e+00 9.988601616336690858e-01
3.121209754754755039e+00 1.001736063374487395e+00
3.125444774774774892e+00 1.000081141277276986e+00
3.129679794794795189e+00 1.000614490203594498e+00
3.133914814814815042e+00 1.001309186520653816e+00
3.138149834834834895e+00 9.992934107021185230e-01
3.142384854854855192e+00 1.000482119038534012e+00
3.146619874874875045e+00 1.001189889714004799e+00
3.150854894894894898e+00 1.000240137909573335e+00
3.155089914914915195e+00 9.995911857595078942e-01
3.159324934934935047e+00 9.999296329491350610e-01
3.163559954954955344e+00 9.993243827913326216e-01
3.167794974974975197e+00 9.998003902256346054e-01
3.172029994994995050e+00 1.000116016645558048e+00
3.176265015015015347e+00 1.000655396038333533e+00
3.180500035035035200e+00 1.000303135901494223e+00
3.184735055055055053e+00 1.001430183499986803e+00
3.188970075075075350e+00 9.999357992351047830e-01
3.193205095095095203e+00 9.998116036122698391e-01
3.197440115115115500e+00 1.000861318775298381e+00
3.201675135135135353e+00 1.001379543833457619e+00
3.205910155155155206e+00 9.996506096610867642e-01
3.210145175175175503e+00 1.000991735175136288e+00
3.214380195195195355e+00 9.988056026830248735e-01
3.218615215215215208e+00 1.001300604142886463e+00
3.222850235235235505e+00 9.999098414403270185e-01
3.227085255255255358e+00 1.000389015600927411e+00
3.231320275275275655e+00 1.001018201826678444e+00
3.235555295295295508e+00 9.991838952431787435e-01
3.239790315315315361e+00 1.001462814311935068e+00
3.244025335335335658e+00 1.000308184106225573e+00
3.248260355355355511e+00 9.991396245553870736e-01
3.252495375375375808e+00 9.992966678993129293e-01
3.256730395395395661e+00 9.981578010977038007e-01
3.260965415415415514e+00 1.000611849565950173e+00
3.265200435435435811e+00 1.001395967845914781e+00
3.269435455455455664e+00 1.001287344455374484e+00
3.273670475475475516e+00 9.998360330056583756e-01
3.277905495495495813e+00 1.001595928364663379e+00
3.282140515515515666e+00 1.000314183140194046e+00
3.286375535535535963e+00 9.994711078198867948e-01
3.290610555555555816e+00 9.995764904577412180e-01
3.294845575575575669e+00 9.996601486134975012e-01
3.299080595595595966e+00 1.000371342607638381e+00
3.303315615615615819e+00 9.991050620052471798e-01
3.307550635635635672e+00 9.998468634294738200e-01
3.311785655655655969e+00 1.000120153879079377e+00
3.316020675675675822e+00 9.999538003704848688e-01
3.320255695695696119e+00 9.993327120267808672e-01
3.324490715715715972e+00 1.000387677792634378e+00
3.328725735735735825e+00 1.001078665620859898e+00
3.332960755755756121e+00 1.001221878480199168e+00
3.337195775775775974e+00 1.000081737160710027e+00
3.341430795795795827e+00 9.987937914345987878e-01
3.345665815815816124e+00 9.982415438261657004e-01
3.349900835835835977e+00 1.000659740714834101e+00
3.354135855855856274e+00 1.000107830704813905e+00
3.358370875875876127e+00 9.996164496494099883e-01
3.362605895895895980e+00 1.000878898166346342e+00
3.366840915915916277e+00 1.000444864208470896e+00
3.371075935935936130e+00 1.000087251721973658e+00
3.375310955955955983e+00 9.985839785381255274e-01
3.379545975975976280e+00 9.989357855228127026e-01
3.383780995995996133e+00 1.001153543292089276e+00
3.388016016016016430e+00 9.994209217952467750e-01
3.392251036036036282e+00 1.000087606551440134e+00
3.396486056056056135e+00 9.983035906224220213e-01
3.400721076076076432e+00 1.001251292679467220e+00
3.404956096096096285e+00 9.994429236669825078e-01
3.409191116116116138e+00 9.989451533610141931e-01
3.413426136136136435e+00 1.000988817313769097e+00
3.417661156156156288e+00 9.987560485215397632e-01
3.421896176176176585e+00 9.999478352594667330e-01
3.426131196196196438e+00 9.996000233185824424e-01
3.430366216216216291e+00 9.991513150256573494e-01
3.434601236236236588e+00 9.990662756532936450e-01
3.438836256256256441e+00 9.987512862789151846e-01
3.443071276276276294e+00 9.982525910666526503e-01
3.447306296296296590e+00 1.001080457068948215e+00
3.451541316316316443e+00 9.998165993752357039e-01
3.455776336336336740e+00 9.996110926342642866e-01
3.460011356356356593e+00 1.001357494867236575e+00
3.464246376376376446e+00 1.000050889192295900e+00
3.468481396396396743e+00 1.000810575433510374e+00
3.472716416416416596e+00 9.992714689260916439e-01
3.476951436436436449e+00 9.998954390781789048e-01
3.481186456456456746e+00 9.999391558403554203e-01
3.485421476476476599e+00 1.001562441304537199e+00
3.489656496496496896e+00 9.993589075418723988e-01
3.493891516516516749e+00 9.997310495420524967e-01
3.498126536536536602e+00 1.000714950922761748e+00
3.502361556556556899e+00 9.992577321286524317e-01
3.506596576576576751e+00 9.990940610475266270e-01
3.510831596596596604e+00 1.001334742509100373e+00
3.515066616616616901e+00 9.993817941118152692e-01
3.519301636636636754e+00 1.000068694248571477e+00
3.523536656656657051e+00 9.985014082670857771e-01
3.527771676676676904e+00 1.001282736942748608e+00
3.532006696696696757e+00 9.994364519420850801e-01
3.536241716716717054e+00 1.001130524665093224e+00
3.540476736736736907e+00 1.000591664662090263e+00
3.544711756756757204e+00 1.000335709473129331e+00
3.548946776776777057e+00 1.000389449337871328e+00
3.553181796796796910e+00 9.989945210357537020e-01
3.557416816816817207e+00 1.000146497967158155e+00
3.561651836836837060e+00 9.995504473401599643e-01
3.565886856856856912e+00 9.998450967985629267e-01
3.570121876876877209e+00 1.000259972598453784e+00
3.574356896896897062e+00 9.987638705771845204e-01
3.578591916916917359e+00 1.000538397632801058e+00
3.582826936936937212e+00 1.001543868270043491e+00
3.587061956956957065e+00 1.000824542688314889e+00
3.591296976976977362e+00 1.001144860738411690e+00
3.595531996996997215e+00 1.000193836857921070e+00
3.599767017017017068e+00 9.996607574600522295e-01
3.604002037037037365e+00 9.985842106168827392e-01
3.608237057057057218e+00 1.000377433745922584e+00
3.612472077077077515e+00 9.985262801981183989e-01
3.616707097097097368e+00 9.996222086135329032e-01
3.620942117117117220e+00 9.995562125341537207e-01
3.625177137137137517e+00 1.001205997768928047e+00
3.629412157157157370e+00 9.996258642174719045e-01
3.633647177177177223e+00 9.992450847843429296e-01
3.637882197197197520e+00 1.000614533602864453e+00
3.642117217217217373e+00 9.984730711041144291e-01
3.646352237237237670e+00 9.991794390739296983e-01
3.650587257257257523e+00 9.994809988070297857e-01
3.654822277277277376e+00 9.997232211953822612e-01
3.659057297297297673e+00 9.994731089309082384e-01
3.663292317317317526e+00 9.996645453231302048e-01
3.667527337337337379e+00 9.986607857656479847e-01
3.671762357357357676e+00 1.001468085127361185e+00
3.675997377377377529e+00 9.993399477158918520e-01
3.680232397397397826e+00 1.000389569060306849e+00
3.684467417417417678e+00 1.000042144498349828e+00
3.688702437437437531e+00 9.982683309938824578e-01
3.692937457457457828e+00 1.000298669031510768e+00
3.697172477477477681e+00 9.990472866742766689e-01
3.701407497497497534e+00 1.000057282629900124e+00
3.705642517517517831e+00 1.000002508221912390e+00
3.709877537537537684e+00 9.997892582998474387e-01
3.714112557557557981e+00 9.989939813278309044e-01
3.718347577577577834e+00 1.000199354815044739e+00
3.722582597597597687e+00 9.996338844911646371e-01
3.726817617617617984e+00 9.992784484286483249e-01
3.731052637637637837e+00 1.000996880911032338e+00
3.735287657657657689e+00 1.000677252279006613e+00
3.739522677677677986e+00 9.998679317730891913e-01
3.743757697697697839e+00 9.990919999997635026e-01
3.747992717717718136e+00 9.995224693282878103e-01
3.752227737737737989e+00 1.000010428612720270e+00
3.756462757757757842e+00 9.991543830278046823e-01
3.760697777777778139e+00 9.981574362524645583e-01
3.764932797797797992e+00 1.000420825719243734e+00
3.769167817817817845e+00 1.000808754652336319e+00
3.773402837837838142e+00 9.998656129272968096e-01
3.777637857857857995e+00 9.986348100635717984e-01
3.781872877877878292e+00 1.000031067514535188e+00
3.786107897897898145e+00 9.994522937478945712e-01
3.790342917917917998e+00 1.000443435014288784e+00
3.794577937937938295e+00 9.995391705776467406e-01
3.798812957957958147e+00 9.983923429007333095e-01
3.803047977977978444e+00 9.990909139646252379e-01
3.807282997997998297e+00 1.000957731806517481e+00
3.811518018018018150e+00 9.992275786116078251e-01
3.815753038038038447e+00 9.999889375151139737e-01
3.819988058058058300e+00 1.000863511404267880e+00
3.824223078078078153e+00 9.982561887271852452e-01
3.828458098098098450e+00 1.000701702153888206e+00
3.832693118118118303e+00 9.997030808916693712e-01
3.836928138138138600e+00 1.000531542022300657e+00
3.841163158158158453e+00 9.997362524975972331e-01
3.845398178178178306e+00 9.984542428140977810e-01
3.849633198198198603e+00 1.000924081180996739e+00
3.853868218218218455e+00 9.991427512144588352e-01
3.858103238238238308e+00 1.000175858765942394e+00
3.862338258258258605e+00 9.984006427175834419e-01
3.866573278278278458e+00 9.992896111479101506e-01
3.870808298298298755e+00 9.997136201515597342e-01
3.875043318318318608e+00 1.000496933004112687e+00
3.879278338338338461e+00 1.001002399054435443e+00
3.883513358358358758e+00 1.000415780721194192e+00
3.887748378378378611e+00 9.993494995950563675e-01
3.891983398398398464e+00 1.000977388431300241e+00
3.896218418418418761e+00 1.000593695456736487e+00
3.900453438438438614e+00 9.996099431217970732e-01
3.904688458458458911e+00 1.001071460819428216e+00
3.908923478478478764e+00 9.989382584751438365e-01
3.913158498498498616e+00 9.991071149632353432e-01
3.917393518518518913e+00 9.986372706093702423e-01
3.921628538538538766e+00 9.983433870139919453e-01
3.925863558558558619e+00 9.995405482307142542e-01
3.930098578578578916e+00 9.983683459831421692e-01
3.934333598598598769e+00 9.993007724528105706e-01
3.938568618618619066e+00 9.997607717402856586e-01
3.942803638638638919e+00 9.998160571252032724e-01
3.947038658658658772e+00 1.000059155304658498e+00
3.951273678678679069e+00 1.000029049110537027e+00
3.955508698698698922e+00 9.991858017285130122e-01
3.959743718718718775e+00 9.998551776258181034e-01
3.963978738738739072e+00 1.000424918134994012e+00
3.968213758758758924e+00 9.999520828032981701e-01
3.972448778778779221e+00 9.993861828606195319e-01
3.976683798798799074e+00 1.000524329362570297e+00
3.980918818818818927e+00 1.001207543802490996e+00
3.985153838838839224e+00 1.000498092711569198e+00
3.989388858858859077e+00 9.985368079964336285e-01
3.993623878878878930e+00 1.000461417471650627e+00
3.997858898898899227e+00 9.994492211205044940e-01
4.002093918918919080e+00 9.991958889350331940e-01
4.006328938938938933e+00 9.992016427944174772e-01
4.010563958958958786e+00 1.001199965622312948e+00
4.014798978978979527e+00 1.001016508402368776e+00
4.019033998998999380e+00 1.000948347954120576e+00
4.023269019019019233e+00 1.000039170022383184e+00
4.027504039039039085e+00 9.999614499627144104e-01
4.031739059059058938e+00 1.000616343246607531e+00
4.035974079079079679e+00 9.999620493061136539e-01
4.040209099099099532e+00 1.000554937134803923e+00
4.044444119119119385e+00 1.000287883842466696e+00
4.048679139139139238e+00 9.992606111219392018e-01
4.052914159159159091e+00 9.984690499493579230e-01
4.057149179179179832e+00 9.997351304032427999e-01
4.061384199199199685e+00 9.996577021338863833e-01
4.065619219219219538e+00 1.001519071534914040e+00
4.069854239239239391e+00 9.995772369004909397e-01
4.074089259259259244e+00 9.987554969250930226e-01
4.078324279279279985e+00 1.000808105323124808e+00
4.082559299299299838e+00 9.997841458612831689e-01
4.086794319319319690e+00 9.993608966601749133e-01
4.091029339339339543e+00 1.001727026171109314e+00
4.095264359359359396e+00 9.992352686414359697e-01
4.099499379379379249e+00 9.987563086794072342e-01
4.103734399399399990e+00 9.997760195618637935e-01
4.107969419419419843e+00 9.993666103928096067e-01
4.112204439439439696e+00 1.000449953833251415e+00
4.116439459459459549e+00 1.000396468354195489e+00
4.120674479479479402e+00 1.001053022206693344e+00
4.124909499499500143e+00 1.001233620877807873e+00
4.129144519519519996e+00 1.000284457814618611e+00
4.133379539539539849e+00 1.000861045430462948e+00
4.137614559559559702e+00 9.983158677113921353e-01
4.141849579579579554e+00 1.000405264323077192e+00
4.146084599599600296e+00 9.998730212619444391e-01
4.150319619619620148e+00 9.983412307922441276e-01
4.154554639639640001e+00 9.991958670307955481e-01
4.158789659659659854e+00 1.000065031711918850e+00
4.163024679679679707e+00 1.000413081554645034e+00
4.167259699699699560e+00 1.000689099017339156e+00
4.171494719719720301e+00 9.988040907250432809e-01
4.175729739739740154e+00 1.000035129730355354e+00
4.179964759759760007e+00 1.000537529066473974e+00
4.184199779779779860e+00 1.000536124822364092e+00
4.188434799799799713e+00 9.993942795879540153e-01
4.192669819819820454e+00 9.981940537931215385e-01
4.196904839839840307e+00 1.000701437203738609e+00
4.201139859859860159e+00 9.995397872296396535e-01
4.205374879879880012e+00 9.984695687598807989e-01
4.209609899899899865e+00 1.000646059707511526e+00
4.213844919919920606e+00 9.993058914788292002e-01
4.218079939939940459e+00 9.991998327232052279e-01
4.222314959959960312e+00 1.001638536996690032e+00
4.226549979979980165e+00 1.001683539052924843e+00
4.230785000000000018e+00 9.996366444864218659e-01
